fx=587.5
fy=587.5
cx=267.5
cy=130.0