fx=371.2
fy=368.64
cx=320
cy=96