fx=1000
fy=1000
cx=416
cy=256